y,d2x_left,d2x_right
1,1.2e+26,12.139
1.14,1.368e+26,13.8384
1.28,1.536e+26,15.5379
1.42,1.704e+26,17.2373
1.56,1.872e+26,18.9368
1.7,2.04e+26,20.6362
1.84,2.208e+26,22.3357
1.98,2.376e+26,24.0351
2.12,2.544e+26,25.7346
2.26,2.712e+26,27.434
2.4,2.88e+26,29.1335
2.54,3.048e+26,30.8329
2.68,3.216e+26,32.5324
2.82,3.384e+26,34.2318
2.96,3.552e+26,35.9313
3.1,3.72e+26,37.6308
3.24,3.888e+26,39.3302
3.38,4.056e+26,41.0297
3.52,4.224e+26,42.7291
3.66,4.392e+26,44.4286
3.8,4.56e+26,46.128
3.94,4.728e+26,47.8275
4.08,4.896e+26,49.5269
4.22,5.064e+26,51.2264
4.36,5.232e+26,52.9258
4.5,5.4e+26,54.6253
4.64,5.568e+26,56.3247
4.78,5.736e+26,58.0242
4.92,5.904e+26,59.7237
5.06,6.072e+26,61.4231
5.2,6.24e+26,63.1226
5.34,6.408e+26,64.822
5.48,6.576e+26,66.5215
5.62,6.744e+26,68.2209
5.76,6.912e+26,69.9204
5.9,7.08e+26,71.6198
6.04,7.248e+26,73.3193
6.18,7.416e+26,75.0187
6.32,7.584e+26,76.7182
6.46,7.752e+26,78.4176
6.6,7.92e+26,80.1171
6.74,8.088e+26,81.8165
6.88,8.256e+26,83.516
7.02,8.424e+26,85.2155
7.16,8.592e+26,86.9149
7.3,8.76e+26,88.6144
7.44,8.928e+26,90.3138
7.58,9.096e+26,92.0133
7.72,9.264e+26,93.7127
7.86,9.432e+26,95.4122
8,9.6e+26,97.1116
