x,d2y_top,d2y_bottom
-5,-0.0434294,-4.34294e+12
-4.90002,-0.0217693,-2.17693e+12
-4.80004,-0.010912,-1.0912e+12
-4.70006,-0.00546971,-5.46971e+11
-4.60008,-0.00274173,-2.74173e+11
-4.5001,-0.00137431,-1.37431e+11
-4.40012,-0.000688881,-6.88881e+10
-4.30014,-0.000345306,-3.45306e+10
-4.20016,-0.000173087,-1.73087e+10
-4.10018,-8.6761e-05,-8.6761e+09
-4.0002,-4.34895e-05,-4.34895e+09
-3.90022,-2.17994e-05,-2.17994e+09
-3.80024,-1.09271e-05,-1.09271e+09
-3.70026,-5.47727e-06,-5.47727e+08
-3.60028,-2.74552e-06,-2.74552e+08
-3.5003,-1.37621e-06,-1.37621e+08
-3.40032,-6.89834e-07,-6.89834e+07
-3.30034,-3.45784e-07,-3.45784e+07
-3.20036,-1.73326e-07,-1.73326e+07
-3.10038,-8.68809e-08,-8.68809e+06
-3.0004,-4.35496e-08,-4.35496e+06
-2.90042,-2.18295e-08,-2.18295e+06
-2.80044,-1.09422e-08,-1.09422e+06
-2.70046,-5.48484e-09,-548484
-2.60048,-2.74931e-09,-274931
-2.5005,-1.37811e-09,-137811
-2.40052,-6.90787e-10,-69078.7
-2.30054,-3.46262e-10,-34626.2
-2.20056,-1.73566e-10,-17356.6
-2.10058,-8.7001e-11,-8700.1
-2.0006,-4.36098e-11,-4360.98
-1.90062,-2.18597e-11,-2185.97
-1.80064,-1.09573e-11,-1095.73
-1.70066,-5.49242e-12,-549.242
-1.60068,-2.75311e-12,-275.311
-1.5007,-1.38001e-12,-138.001
-1.40072,-6.91734e-13,-69.1734
-1.30074,-3.4673e-13,-34.673
-1.20076,-1.73794e-13,-17.3794
-1.10078,-8.71066e-14,-8.71066
-1.0008,-4.36524e-14,-4.36524
-0.90082,-2.18687e-14,-2.18687
-0.80084,-1.09474e-14,-1.09474
-0.70086,-5.4709e-15,-0.54709
-0.60088,-2.72375e-15,-0.272375
-0.5009,-1.34502e-15,-0.134502
-0.40092,-6.52724e-16,-0.0652724
-0.30094,-3.05146e-16,-0.0305146
-0.20096,-1.3092e-16,-0.013092
-0.10098,-4.3829e-17,-0.0043829
-0.001,-3.01039e-19,-3.01039e-05
